{
 "cells": [
  {
   "cell_type": "markdown",
   "metadata": {},
   "source": [
    "### Principal Component Analysis (PCA)\n",
    "   \n",
    "PCA is a mathematical procedure that transforms a number of (possibly) correlated variables into a (smaller) number of uncorrelated variables called *principal components*. PCA reduces the number of variables retaining as much information as possible. The larger the absolute value of the coefficient, the more important the corresponding variable is in calculating the component. Find more information [here](https://en.wikipedia.org/wiki/Principal_component_analysis)."
   ]
  },
  {
   "cell_type": "markdown",
   "metadata": {
    "slideshow": {
     "slide_type": "-"
    }
   },
   "source": [
    "#### PCA from scratch (`numpy`)\n",
    "\n",
    "A dataset can be represented as a matrix, $X$, of dimension $(n, m)$. PCA applies a rotation of the $m$ vectors in space, such that we end up to a new matrix $B = \\mathbb{R}X$ made of orthogonal vectors (the eigenvectors, here called principal components).\n",
    "\n",
    "In the example below, the following steps are performed:\n",
    "- Definition of a matrix of shape $(n,m)$,\n",
    "- Centering of the data in the matrix, \n",
    "- Calculation of the covariance matrix of the centered data,\n",
    "- Eigendecomposition of the covariance matrix. \n",
    "- The eigenvectors and eigenvalues are taken as the principal components and singular values and used to project the original data."
   ]
  },
  {
   "cell_type": "code",
   "execution_count": 12,
   "metadata": {},
   "outputs": [
    {
     "name": "stdout",
     "output_type": "stream",
     "text": [
      "Original matrix (of shape: (20, 10)):\n",
      "[[0.37454012 0.95071431 0.73199394 0.59865848 0.15601864 0.15599452\n",
      "  0.05808361 0.86617615 0.60111501 0.70807258]\n",
      " [0.02058449 0.96990985 0.83244264 0.21233911 0.18182497 0.18340451\n",
      "  0.30424224 0.52475643 0.43194502 0.29122914]\n",
      " [0.61185289 0.13949386 0.29214465 0.36636184 0.45606998 0.78517596\n",
      "  0.19967378 0.51423444 0.59241457 0.04645041]\n",
      " [0.60754485 0.17052412 0.06505159 0.94888554 0.96563203 0.80839735\n",
      "  0.30461377 0.09767211 0.68423303 0.44015249]\n",
      " [0.12203823 0.49517691 0.03438852 0.9093204  0.25877998 0.66252228\n",
      "  0.31171108 0.52006802 0.54671028 0.18485446]\n",
      " [0.96958463 0.77513282 0.93949894 0.89482735 0.59789998 0.92187424\n",
      "  0.0884925  0.19598286 0.04522729 0.32533033]\n",
      " [0.38867729 0.27134903 0.82873751 0.35675333 0.28093451 0.54269608\n",
      "  0.14092422 0.80219698 0.07455064 0.98688694]\n",
      " [0.77224477 0.19871568 0.00552212 0.81546143 0.70685734 0.72900717\n",
      "  0.77127035 0.07404465 0.35846573 0.11586906]\n",
      " [0.86310343 0.62329813 0.33089802 0.06355835 0.31098232 0.32518332\n",
      "  0.72960618 0.63755747 0.88721274 0.47221493]\n",
      " [0.11959425 0.71324479 0.76078505 0.5612772  0.77096718 0.4937956\n",
      "  0.52273283 0.42754102 0.02541913 0.10789143]\n",
      " [0.03142919 0.63641041 0.31435598 0.50857069 0.90756647 0.24929223\n",
      "  0.41038292 0.75555114 0.22879817 0.07697991]\n",
      " [0.28975145 0.16122129 0.92969765 0.80812038 0.63340376 0.87146059\n",
      "  0.80367208 0.18657006 0.892559   0.53934224]\n",
      " [0.80744016 0.8960913  0.31800347 0.11005192 0.22793516 0.42710779\n",
      "  0.81801477 0.86073058 0.00695213 0.5107473 ]\n",
      " [0.417411   0.22210781 0.11986537 0.33761517 0.9429097  0.32320293\n",
      "  0.51879062 0.70301896 0.3636296  0.97178208]\n",
      " [0.96244729 0.2517823  0.49724851 0.30087831 0.28484049 0.03688695\n",
      "  0.60956433 0.50267902 0.05147875 0.27864646]\n",
      " [0.90826589 0.23956189 0.14489487 0.48945276 0.98565045 0.24205527\n",
      "  0.67213555 0.76161962 0.23763754 0.72821635]\n",
      " [0.36778313 0.63230583 0.63352971 0.53577468 0.09028977 0.8353025\n",
      "  0.32078006 0.18651851 0.04077514 0.59089294]\n",
      " [0.67756436 0.01658783 0.51209306 0.22649578 0.64517279 0.17436643\n",
      "  0.69093774 0.38673535 0.93672999 0.13752094]\n",
      " [0.34106635 0.11347352 0.92469362 0.87733935 0.25794163 0.65998405\n",
      "  0.8172222  0.55520081 0.52965058 0.24185229]\n",
      " [0.09310277 0.89721576 0.90041806 0.63310146 0.33902979 0.34920957\n",
      "  0.72595568 0.89711026 0.88708642 0.77987555]]\n",
      "\n",
      "Means of each columns:\n",
      "[0.48730133 0.46871587 0.50581316 0.52774218 0.50003535 0.48884597\n",
      " 0.49094033 0.52279822 0.42112954 0.42674039]\n",
      "\n",
      "Columns centering:\n",
      "[[-0.11276121  0.48199843  0.22618078  0.07091631 -0.34401671 -0.33285145\n",
      "  -0.43285671  0.34337792  0.17998547  0.28133219]\n",
      " [-0.46671683  0.50119398  0.32662948 -0.31540307 -0.31821038 -0.30544146\n",
      "  -0.18669808  0.00195821  0.01081548 -0.13551125]\n",
      " [ 0.12455157 -0.32922201 -0.21366852 -0.16138033 -0.04396536  0.29632999\n",
      "  -0.29126654 -0.00856378  0.17128503 -0.38028998]\n",
      " [ 0.12024352 -0.29819175 -0.44076157  0.42114336  0.46559668  0.31955138\n",
      "  -0.18632656 -0.42512611  0.26310349  0.0134121 ]\n",
      " [-0.36526309  0.02646104 -0.47142464  0.38157823 -0.24125537  0.17367632\n",
      "  -0.17922925 -0.0027302   0.12558074 -0.24188594]\n",
      " [ 0.4822833   0.30641695  0.43368578  0.36708517  0.09786463  0.43302827\n",
      "  -0.40244782 -0.32681536 -0.37590225 -0.10141006]\n",
      " [-0.09862404 -0.19736684  0.32292434 -0.17098885 -0.21910084  0.05385012\n",
      "  -0.3500161   0.27939876 -0.34657889  0.56014654]\n",
      " [ 0.28494344 -0.27000019 -0.50029105  0.28771925  0.206822    0.2401612\n",
      "   0.28033002 -0.44875357 -0.06266381 -0.31087133]\n",
      " [ 0.3758021   0.15458225 -0.17491514 -0.46418383 -0.18905303 -0.16366264\n",
      "   0.23866585  0.11475925  0.4660832   0.04547453]\n",
      " [-0.36770708  0.24452892  0.25497188  0.03353502  0.27093183  0.00494963\n",
      "   0.0317925  -0.0952572  -0.39571041 -0.31884896]\n",
      " [-0.45587214  0.16769454 -0.19145718 -0.01917149  0.40753113 -0.23955374\n",
      "  -0.0805574   0.23275292 -0.19233137 -0.34976048]\n",
      " [-0.19754987 -0.30749458  0.42388449  0.2803782   0.13336841  0.38261462\n",
      "   0.31273175 -0.33622816  0.47142946  0.11260185]\n",
      " [ 0.32013883  0.42737543 -0.18780969 -0.41769025 -0.27210019 -0.06173818\n",
      "   0.32707444  0.33793236 -0.41417741  0.08400691]\n",
      " [-0.06989032 -0.24660806 -0.3859478  -0.19012701  0.44287436 -0.16564303\n",
      "   0.0278503   0.18022074 -0.05749994  0.54504169]\n",
      " [ 0.47514597 -0.21693358 -0.00856466 -0.22686387 -0.21519485 -0.45195902\n",
      "   0.11862401 -0.0201192  -0.36965079 -0.14809393]\n",
      " [ 0.42096456 -0.22915398 -0.36091829 -0.03828942  0.48561511 -0.2467907\n",
      "   0.18119522  0.23882139 -0.18349199  0.30147596]\n",
      " [-0.11951819  0.16358996  0.12771655  0.00803251 -0.40974558  0.34645653\n",
      "  -0.17016026 -0.33627971 -0.3803544   0.16415255]\n",
      " [ 0.19026303 -0.45212804  0.00627989 -0.3012464   0.14513744 -0.31447954\n",
      "   0.19999741 -0.13606288  0.51560045 -0.28921945]\n",
      " [-0.14623498 -0.35524235  0.41888045  0.34959718 -0.24209372  0.17113808\n",
      "   0.32628187  0.03240259  0.10852104 -0.1848881 ]\n",
      " [-0.39419856  0.42849989  0.39460489  0.10535928 -0.16100556 -0.13963639\n",
      "   0.23501535  0.37431204  0.46595689  0.35313515]]\n",
      "\n",
      "Covariance matrix of the centered data (shape: (10, 10)):\n",
      "[[ 0.10412296 -0.03158068 -0.03297827 -0.01697048  0.01212892  0.00190492\n",
      "   0.01417964 -0.01667457 -0.01607621  0.00060274]\n",
      " [-0.03158068  0.10408741  0.03562804 -0.01504501 -0.04105497 -0.01995648\n",
      "  -0.02201227  0.03177657 -0.02347156  0.01051185]\n",
      " [-0.03297827  0.03562804  0.11245756  0.00573846 -0.04339848  0.00469536\n",
      "  -0.00911325  0.00572541 -0.00018551  0.01442083]\n",
      " [-0.01697048 -0.01504501  0.00573846  0.07808088  0.01881423  0.04971119\n",
      "  -0.01041751 -0.03673495  0.00807339 -0.01232673]\n",
      " [ 0.01212892 -0.04105497 -0.04339848  0.01881423  0.09029948  0.0045154\n",
      "   0.01120982 -0.01795043  0.00219627 -0.00612265]\n",
      " [ 0.00190492 -0.01995648  0.00469536  0.04971119  0.0045154   0.07721006\n",
      "  -0.01176763 -0.04803465 -0.00251666 -0.0110153 ]\n",
      " [ 0.01417964 -0.02201227 -0.00911325 -0.01041751  0.01120982 -0.01176763\n",
      "   0.0676065   0.00139879  0.02178143 -0.00560736]\n",
      " [-0.01667457  0.03177657  0.00572541 -0.03673495 -0.01795043 -0.04803465\n",
      "   0.00139879  0.07112204 -0.00320118  0.03431398]\n",
      " [-0.01607621 -0.02347156 -0.00018551  0.00807339  0.00219627 -0.00251666\n",
      "   0.02178143 -0.00320118  0.10683231 -0.00239024]\n",
      " [ 0.00060274  0.01051185  0.01442083 -0.01232673 -0.00612265 -0.0110153\n",
      "  -0.00560736  0.03431398 -0.00239024  0.08666751]]\n",
      "\n",
      "Eigenvectors (PCA components - shape: (10, 10)):\n",
      "[[ 0.28307294 -0.37061082 -0.3617761   0.60536344 -0.0568722  -0.09922806\n",
      "  -0.24203751 -0.17552155  0.34199459  0.25639729]\n",
      " [-0.51843291  0.09699307 -0.19044875 -0.19547424  0.22312222  0.00453424\n",
      "   0.16171522 -0.19977168  0.20449193  0.69975509]\n",
      " [-0.40140399  0.42008088  0.10229908  0.45723973 -0.13959104 -0.10910938\n",
      "  -0.03865173  0.52877399  0.3479261  -0.09661594]\n",
      " [ 0.23468084  0.4949707   0.00220974 -0.16350188 -0.20470225  0.22577836\n",
      "  -0.69809546 -0.03412356 -0.06764476  0.29535535]\n",
      " [ 0.39747106 -0.13207108  0.02728424 -0.47329085 -0.24052185 -0.20457897\n",
      "   0.17474296  0.43549979  0.48657973  0.20776672]\n",
      " [ 0.25829445  0.47333478 -0.16739475  0.13283481 -0.17769461 -0.61874266\n",
      "   0.33365555 -0.20237438 -0.28449831  0.12622803]\n",
      " [ 0.12724205 -0.21481466  0.30676784  0.24735579  0.13108633  0.03693435\n",
      "   0.05067931  0.47676562 -0.52184413  0.51149762]\n",
      " [-0.36396736 -0.33636419  0.12710856 -0.18495056 -0.14432119 -0.65188309\n",
      "  -0.48903112 -0.00186069 -0.13265709 -0.03860871]\n",
      " [ 0.11189517  0.04647908  0.82574526  0.14063904  0.03055334 -0.07401241\n",
      "   0.0467894  -0.41418148  0.30080293  0.11425977]\n",
      " [-0.22139151 -0.16982616  0.03864681  0.05199659 -0.87018474  0.26601491\n",
      "   0.20165465 -0.13800882 -0.13226356  0.11294933]]\n",
      "\n",
      "Eigenvalues (PCA variance - shape: (10,)):\n",
      "[0.23441203 0.16970008 0.12735771 0.09213554 0.08610313 0.01637295\n",
      " 0.02557324 0.06017804 0.04117653 0.04547746]\n",
      "\n",
      "PCA reduction (matrix of shape: ((20, 10))):\n",
      "[[-0.80086201  0.04461317  0.08897894 -0.08268645 -0.13585268  0.10272332\n",
      "  -0.24888795 -0.36216071  0.25846464  0.01165045]\n",
      " [-0.79571037  0.16309136  0.09522902 -0.12162211  0.38164584  0.15080264\n",
      "   0.20681328  0.01371062  0.12826069 -0.10797565]\n",
      " [ 0.38231118  0.03633407 -0.01907714  0.06246597  0.23944999 -0.32034753\n",
      "   0.04947454 -0.29999389  0.06110369 -0.36922426]\n",
      " [ 0.88948153  0.23254891  0.03492099 -0.24698834 -0.23352555  0.09126687\n",
      "   0.04716424 -0.26973763  0.1649401   0.07889731]\n",
      " [ 0.15642564  0.3291753   0.08308668 -0.40572212  0.23276182  0.03736836\n",
      "  -0.19032938 -0.44776291 -0.31248056 -0.04963189]\n",
      " [ 0.08860805  0.60303384 -0.73679273  0.28429948 -0.12405588 -0.09983398\n",
      "  -0.07722907  0.00433922  0.43179019  0.231948  ]\n",
      " [-0.47754531 -0.00717354 -0.24546483  0.1074689  -0.58959945 -0.0738487\n",
      "   0.02088619  0.02585732 -0.1048481  -0.44997344]\n",
      " [ 0.89402976  0.02742723 -0.17156951  0.0108529   0.21218339  0.12396934\n",
      "  -0.00983598 -0.02562188 -0.18347156  0.2091673 ]\n",
      " [-0.0992163  -0.55594707  0.31234784  0.36665836  0.19650025 -0.07075933\n",
      "   0.16415534 -0.30844971  0.07966211  0.20042422]\n",
      " [-0.15134221  0.31123033 -0.22225505 -0.33361682  0.25025353 -0.03340253\n",
      "   0.10965463  0.48959252  0.0603021   0.05772904]\n",
      " [-0.08257621 -0.0824384  -0.00288399 -0.72606715  0.29286897 -0.10610286\n",
      "  -0.04791056  0.26098069  0.0790881  -0.04394301]\n",
      " [ 0.34097236  0.57242936  0.56043543  0.28789265 -0.26806584 -0.00296843\n",
      "   0.16197965  0.23025304 -0.03756558  0.09156786]\n",
      " [-0.42399936 -0.5735663  -0.40990526  0.17778163  0.17363337 -0.16498728\n",
      "   0.07120521 -0.01736994 -0.30625062  0.32800814]\n",
      " [ 0.16246025 -0.55298659  0.07719487 -0.37728903 -0.53374438  0.04967921\n",
      "   0.1672993   0.05187239 -0.06095922 -0.07596606]\n",
      " [ 0.00873282 -0.50927662 -0.33930309  0.37840704  0.24030817  0.23071298\n",
      "  -0.21109222  0.19103313  0.00353569 -0.19542308]\n",
      " [ 0.35198255 -0.70873911 -0.14502339 -0.131236   -0.36846015 -0.0139361\n",
      "  -0.15115208  0.1641178   0.05932042  0.13743283]\n",
      " [-0.21955635  0.44000388 -0.44668384  0.16785219 -0.06742278  0.15468597\n",
      "   0.25996915 -0.13862117 -0.26418547 -0.06650874]\n",
      " [ 0.38819291 -0.3529735   0.53248878  0.27732794  0.28334265  0.05624658\n",
      "   0.05380005  0.11934502  0.26229445 -0.2329222 ]\n",
      " [ 0.08745533  0.43717703  0.31560726  0.33296183  0.02913467 -0.07652218\n",
      "  -0.29901545  0.30220109 -0.28452044 -0.09483065]\n",
      " [-0.69984424  0.14603667  0.63866902 -0.02874087 -0.21135596 -0.03474635\n",
      "  -0.07694888  0.01641499 -0.03448064  0.33957381]]\n",
      "\n"
     ]
    }
   ],
   "source": [
    "# libraries\n",
    "import numpy as np\n",
    "\n",
    "# define a matrix\n",
    "np.random.seed(42)\n",
    "A = np.random.rand(20,10)\n",
    "print(f\"Original matrix (of shape: {A.shape}):\")\n",
    "print(A)\n",
    "print()\n",
    "\n",
    "# step 1: \n",
    "M = np.mean(A.T, axis=1)\n",
    "print(\"Means of each columns:\")\n",
    "print(M)\n",
    "print()\n",
    "\n",
    "# step 2: \n",
    "C = A - M\n",
    "print(\"Columns centering:\")\n",
    "print(C)\n",
    "print()\n",
    "\n",
    "# step 3: \n",
    "V = np.cov(C.T)\n",
    "print(f\"Covariance matrix of the centered data (shape: {V.shape}):\")\n",
    "print(V)\n",
    "print()\n",
    "\n",
    "# step 4: \n",
    "values, vectors = np.linalg.eig(V)\n",
    "print(f\"Eigenvectors (PCA components - shape: {vectors.shape}):\")\n",
    "print(vectors)\n",
    "print()\n",
    "print(f\"Eigenvalues (PCA variance - shape: {values.shape}):\")\n",
    "print(values)\n",
    "print()\n",
    "\n",
    "# project data into the subspace (reduction)\n",
    "P = vectors.T.dot(C.T)\n",
    "print(f\"PCA reduction (matrix of shape: ({P.T.shape})):\")\n",
    "print(P.T)\n",
    "print()"
   ]
  },
  {
   "cell_type": "markdown",
   "metadata": {},
   "source": [
    "#### PCA (`sklearn`)\n",
    "\n",
    "PCA is handily implemented in scikit-learn. The class is built in a way that it can be applied to test data, as much as any other sklearn model/preprocessor. One can also specify how many principal components we want to retain. "
   ]
  },
  {
   "cell_type": "code",
   "execution_count": 13,
   "metadata": {},
   "outputs": [
    {
     "name": "stdout",
     "output_type": "stream",
     "text": [
      "Original matrix (of shape: (20, 10)):\n",
      "[[0.37454012 0.95071431 0.73199394 0.59865848 0.15601864 0.15599452\n",
      "  0.05808361 0.86617615 0.60111501 0.70807258]\n",
      " [0.02058449 0.96990985 0.83244264 0.21233911 0.18182497 0.18340451\n",
      "  0.30424224 0.52475643 0.43194502 0.29122914]\n",
      " [0.61185289 0.13949386 0.29214465 0.36636184 0.45606998 0.78517596\n",
      "  0.19967378 0.51423444 0.59241457 0.04645041]\n",
      " [0.60754485 0.17052412 0.06505159 0.94888554 0.96563203 0.80839735\n",
      "  0.30461377 0.09767211 0.68423303 0.44015249]\n",
      " [0.12203823 0.49517691 0.03438852 0.9093204  0.25877998 0.66252228\n",
      "  0.31171108 0.52006802 0.54671028 0.18485446]\n",
      " [0.96958463 0.77513282 0.93949894 0.89482735 0.59789998 0.92187424\n",
      "  0.0884925  0.19598286 0.04522729 0.32533033]\n",
      " [0.38867729 0.27134903 0.82873751 0.35675333 0.28093451 0.54269608\n",
      "  0.14092422 0.80219698 0.07455064 0.98688694]\n",
      " [0.77224477 0.19871568 0.00552212 0.81546143 0.70685734 0.72900717\n",
      "  0.77127035 0.07404465 0.35846573 0.11586906]\n",
      " [0.86310343 0.62329813 0.33089802 0.06355835 0.31098232 0.32518332\n",
      "  0.72960618 0.63755747 0.88721274 0.47221493]\n",
      " [0.11959425 0.71324479 0.76078505 0.5612772  0.77096718 0.4937956\n",
      "  0.52273283 0.42754102 0.02541913 0.10789143]\n",
      " [0.03142919 0.63641041 0.31435598 0.50857069 0.90756647 0.24929223\n",
      "  0.41038292 0.75555114 0.22879817 0.07697991]\n",
      " [0.28975145 0.16122129 0.92969765 0.80812038 0.63340376 0.87146059\n",
      "  0.80367208 0.18657006 0.892559   0.53934224]\n",
      " [0.80744016 0.8960913  0.31800347 0.11005192 0.22793516 0.42710779\n",
      "  0.81801477 0.86073058 0.00695213 0.5107473 ]\n",
      " [0.417411   0.22210781 0.11986537 0.33761517 0.9429097  0.32320293\n",
      "  0.51879062 0.70301896 0.3636296  0.97178208]\n",
      " [0.96244729 0.2517823  0.49724851 0.30087831 0.28484049 0.03688695\n",
      "  0.60956433 0.50267902 0.05147875 0.27864646]\n",
      " [0.90826589 0.23956189 0.14489487 0.48945276 0.98565045 0.24205527\n",
      "  0.67213555 0.76161962 0.23763754 0.72821635]\n",
      " [0.36778313 0.63230583 0.63352971 0.53577468 0.09028977 0.8353025\n",
      "  0.32078006 0.18651851 0.04077514 0.59089294]\n",
      " [0.67756436 0.01658783 0.51209306 0.22649578 0.64517279 0.17436643\n",
      "  0.69093774 0.38673535 0.93672999 0.13752094]\n",
      " [0.34106635 0.11347352 0.92469362 0.87733935 0.25794163 0.65998405\n",
      "  0.8172222  0.55520081 0.52965058 0.24185229]\n",
      " [0.09310277 0.89721576 0.90041806 0.63310146 0.33902979 0.34920957\n",
      "  0.72595568 0.89711026 0.88708642 0.77987555]]\n",
      "\n",
      "PCA components:\n",
      "[[ 0.28307294 -0.51843291 -0.40140399  0.23468084  0.39747106  0.25829445\n",
      "   0.12724205 -0.36396736  0.11189517 -0.22139151]\n",
      " [ 0.37061082 -0.09699307 -0.42008088 -0.4949707   0.13207108 -0.47333478\n",
      "   0.21481466  0.33636419 -0.04647908  0.16982616]]\n",
      "\n",
      "PCA explained variance:\n",
      "[0.23441203 0.16970008]\n",
      "\n",
      "PCA transform:\n",
      "[[-0.80086201 -0.04461317]\n",
      " [-0.79571037 -0.16309136]\n",
      " [ 0.38231118 -0.03633407]\n",
      " [ 0.88948153 -0.23254891]\n",
      " [ 0.15642564 -0.3291753 ]\n",
      " [ 0.08860805 -0.60303384]\n",
      " [-0.47754531  0.00717354]\n",
      " [ 0.89402976 -0.02742723]\n",
      " [-0.0992163   0.55594707]\n",
      " [-0.15134221 -0.31123033]\n",
      " [-0.08257621  0.0824384 ]\n",
      " [ 0.34097236 -0.57242936]\n",
      " [-0.42399936  0.5735663 ]\n",
      " [ 0.16246025  0.55298659]\n",
      " [ 0.00873282  0.50927662]\n",
      " [ 0.35198255  0.70873911]\n",
      " [-0.21955635 -0.44000388]\n",
      " [ 0.38819291  0.3529735 ]\n",
      " [ 0.08745533 -0.43717703]\n",
      " [-0.69984424 -0.14603667]]\n"
     ]
    }
   ],
   "source": [
    "from sklearn.decomposition import PCA\n",
    "\n",
    "print(f\"Original matrix (of shape: {A.shape}):\")\n",
    "print(A)\n",
    "print()\n",
    "\n",
    "# create the PCA instance\n",
    "pca = PCA(n_components=2)\n",
    "\n",
    "# fit on data\n",
    "pca.fit(A)\n",
    "\n",
    "# access values and vectors\n",
    "print('PCA components:')\n",
    "print(pca.components_)\n",
    "print()\n",
    "print('PCA explained variance:')\n",
    "print(pca.explained_variance_)\n",
    "print()\n",
    "\n",
    "# transform data\n",
    "B = pca.transform(A)\n",
    "print('PCA transform:')\n",
    "print(B)"
   ]
  },
  {
   "cell_type": "markdown",
   "metadata": {},
   "source": [
    "As we can see, the first two vectors of our manual calculation with numpy correspond to the two principal components calculated here. These vectors are a linear combination of the original vectors but they retain as much information as possible. By looking at the explained variance, we notice that we can catch ~40% of the original variance with just two vectors (instead of 10).\n",
    "\n",
    "Notice that the original dataset length is retained and the PCA transformation reduces the original dataset to the shape $(n, p)$, where $n$ is the original number of rows and $p$ is the number of principal components chosen.\n",
    "\n",
    "Finally, we can see that the more vectors we retain, the more variance we can explain:"
   ]
  },
  {
   "cell_type": "code",
   "execution_count": 37,
   "metadata": {},
   "outputs": [],
   "source": [
    "my_vars = []\n",
    "for i in range(1, A.shape[1]+1):\n",
    "    pca = PCA(n_components=i)\n",
    "    pca.fit(A)\n",
    "    my_vars.append(np.sum(pca.explained_variance_))"
   ]
  },
  {
   "cell_type": "code",
   "execution_count": 38,
   "metadata": {},
   "outputs": [],
   "source": [
    "import matplotlib.pyplot as plt"
   ]
  },
  {
   "cell_type": "code",
   "execution_count": 48,
   "metadata": {},
   "outputs": [
    {
     "data": {
